 -3.66770337e+00
 -4.01147136e+00
 -4.13302949e+00
 -3.73464464e+00
 -3.69239963e+00
 -3.69351333e+00
 -3.97186242e+00
 -4.18025286e+00
 -3.76872741e+00
 -3.80168683e+00
 -4.27305270e+00
 -3.89405968e+00
 -3.95872871e+00
 -3.49276960e+00
 -3.76392975e+00
 -3.89127275e+00
 -3.75762599e+00
 -3.78093714e+00
 -3.20575711e+00
 -3.56910953e+00
 -3.50661716e+00
 -3.71366760e+00
 -3.54994543e+00
 -3.51936993e+00
 -3.95920094e+00
 -3.21217259e+00
 -3.53312743e+00
 -3.38558047e+00
 -3.15816112e+00
 -3.64136491e+00
 -2.91681486e+00
 -3.78498374e+00
 -3.73012464e+00
 -3.43708636e+00
 -3.74959601e+00
 -3.34814699e+00
 -3.09707643e+00
 -3.67831605e+00
 -3.67475701e+00
 -3.50435267e+00
 -2.86322644e+00
 -3.32946674e+00
 -3.62348574e+00
 -2.92590692e+00
 -3.34442669e+00
 -3.18638188e+00
 -2.69871372e+00
 -3.45975230e+00
 -3.05979703e+00
 -3.45196879e+00
 -2.95003733e+00
 -2.78269074e+00
 -3.19528320e+00
 -2.84234106e+00
 -2.97272095e+00
 -2.78958138e+00
 -2.99102109e+00
 -2.45041885e+00
 -2.73142177e+00
 -2.35140334e+00
 -2.46467732e+00
 -2.85978943e+00
 -3.15319225e+00
 -3.02582005e+00
 -2.74351299e+00
 -2.62621580e+00
 -2.58527496e+00
 -2.69346504e+00
 -2.23169356e+00
 -2.94922071e+00
 -2.41874117e+00
 -2.48578817e+00
 -2.78766054e+00
 -2.40452543e+00
 -2.96438916e+00
 -2.82210338e+00
 -2.85670247e+00
 -2.84968015e+00
 -2.62571765e+00
 -2.58628557e+00
 -2.51952801e+00
 -1.94208300e+00
 -2.72004313e+00
 -2.15094759e+00
 -2.59833537e+00
 -2.45877088e+00
 -2.57045285e+00
 -2.19283472e+00
 -2.44323809e+00
 -2.03585175e+00
 -2.43943346e+00
 -1.78003947e+00
 -2.25850525e+00
 -2.31206289e+00
 -2.41412102e+00
 -2.42154923e+00
 -2.23117332e+00
 -1.75550160e+00
 -1.65176000e+00
 -2.01542017e+00
 -1.94931853e+00
 -1.82108371e+00
 -1.82864189e+00
 -2.13764917e+00
 -1.80191256e+00
 -1.47210503e+00
 -2.36063516e+00
 -1.71910249e+00
 -1.79957083e+00
 -1.75137782e+00
 -1.37845074e+00
 -1.71666226e+00
 -1.44271632e+00
 -1.68945307e+00
 -2.05958668e+00
 -1.76770302e+00
 -1.37252211e+00
 -1.82297517e+00
 -2.01557916e+00
 -1.80083503e+00
 -1.19282525e+00
 -1.30638367e+00
 -1.40534534e+00
 -1.98579515e+00
 -1.48130442e+00
 -1.73528782e+00
 -1.95250392e+00
 -1.19173368e+00
 -1.34908335e+00
 -1.29432311e+00
 -9.70752954e-01
 -1.40648700e+00
 -1.37241796e+00
 -1.81445049e+00
 -1.75964847e+00
 -1.25151585e+00
 -1.22829345e+00
 -1.27530971e+00
 -1.67748313e+00
 -1.39716395e+00
 -1.27978059e+00
 -1.32550812e+00
 -1.18215789e+00
 -6.93087216e-01
 -1.46141939e+00
 -1.53259989e+00
 -1.09721665e+00
 -1.45729753e+00
 -8.94836880e-01
 -1.23267536e+00
 -1.42164409e+00
 -1.14474479e+00
 -6.08791572e-01
 -8.71680702e-01
 -4.42485510e-01
 -9.35350699e-01
 -1.03360332e+00
 -9.51074124e-01
 -1.00711209e+00
 -7.22009101e-01
 -9.72237126e-01
 -1.24294783e+00
 -5.76894408e-01
 -7.44228380e-01
 -3.18020854e-01
 -2.39222520e-01
 -5.75077045e-01
 -8.49708244e-01
 -4.09224623e-01
 -3.21186861e-01
 -7.92574378e-01
 -2.62323609e-01
 -9.90948087e-01
 -3.35386134e-01
 -8.71748272e-01
 -9.31219390e-01
 -5.88705204e-01
 -9.02086716e-01
 -2.32772821e-01
 -6.16578614e-01
 -3.21200186e-01
 -1.58794945e-01
 -5.66037774e-01
 -6.90519271e-01
 -4.98378065e-01
 -2.06270919e-01
 1.87921108e-01
 2.24148575e-01
 -5.59560828e-01
 1.61146419e-01
 -3.57700342e-01
 -1.66856016e-01
 -5.40331934e-01
 -3.69236718e-01
 -1.48106374e-01
 1.99633833e-01
 2.56955630e-01
 1.65140358e-01
 2.72095131e-01
 5.05469378e-02
 -4.60081655e-01
 3.25136265e-01
 -2.50705310e-01
 3.19276911e-01
 2.26769459e-01
 -1.50932983e-01
 -9.81207238e-02
 2.27216434e-01
 2.97195975e-01
 2.47965588e-01
 4.24159069e-01
 -1.14300480e-01
 -2.29195823e-01
 4.46554654e-01
 -6.88836197e-02
 4.06012550e-01
 3.65171364e-01
 6.79735927e-01
 3.27131904e-01
 1.37186893e-01
 -6.96333628e-03
 5.93039818e-01
 5.27049593e-01
 5.94823082e-01
 6.69275407e-01
 5.84783878e-01
 8.77947472e-01
 5.48042403e-01
 4.91461226e-01
 1.39583630e-01
 9.21193976e-01
 7.22779634e-01
 7.02022292e-01
 9.54840466e-01
 8.66430437e-01
 1.09565167e+00
 8.46742927e-01
 4.91842151e-01
 9.52129892e-01
 1.15267763e+00
 1.23677076e+00
 4.60149278e-01
 3.69845593e-01
 1.12447348e+00
 1.18907601e+00
 7.93881418e-01
 7.26960854e-01
 6.02558987e-01
 6.52423966e-01
 1.13428566e+00
 6.64212483e-01
 1.11001382e+00
 9.52019385e-01
 6.33954887e-01
 8.08684264e-01
 1.10812462e+00
 1.03082517e+00
 1.02268619e+00
 9.62384772e-01
 7.85999318e-01
 9.23792525e-01
 7.85630645e-01
 1.25241561e+00
 9.10047239e-01
 1.39608331e+00
 1.17702674e+00
 1.74095888e+00
 1.62726703e+00
 1.52488567e+00
 1.77667189e+00
 1.85501742e+00
 1.86691445e+00
 1.37636155e+00
 1.07012552e+00
 1.54103669e+00
 1.33628471e+00
 1.40948147e+00
 1.10735484e+00
 1.90445266e+00
 2.06695753e+00
 1.65113307e+00
 1.77228925e+00
 1.78181633e+00
 1.22062382e+00
 1.68129702e+00
 1.27973915e+00
 1.64161304e+00
 1.41014869e+00
 2.08954539e+00
 2.11433906e+00
 1.68395956e+00
 1.54123224e+00
 1.49423055e+00
 1.62599430e+00
 1.54180266e+00
 1.48414288e+00
 2.30495056e+00
 2.40892234e+00
 1.54453388e+00
 2.25703130e+00
 2.46842026e+00
 1.95675495e+00
 1.74159699e+00
 1.83980419e+00
 1.62231827e+00
 1.65983950e+00
 2.27953487e+00
 1.99071518e+00
 2.06491977e+00
 2.30646671e+00
 2.11678582e+00
 1.90553495e+00
 2.16582308e+00
 2.13971290e+00
 2.52543120e+00
 2.17037762e+00
 2.70297402e+00
 2.35936037e+00
 2.80128941e+00
 2.51878699e+00
 2.87409605e+00
 2.17272504e+00
 2.05715828e+00
 2.09192656e+00
 2.42990360e+00
 2.65744518e+00
 2.93406322e+00
 2.14392264e+00
 2.78188112e+00
 2.29028391e+00
 2.46294390e+00
 2.91218403e+00
 2.69237508e+00
 2.85205020e+00
 2.53962064e+00
 2.44157413e+00
 2.76788874e+00
 2.55137401e+00
 3.23849332e+00
 3.10590679e+00
 2.70094669e+00
 2.46441282e+00
 2.87759202e+00
 2.82324678e+00
 2.51228385e+00
 2.42496910e+00
 3.35873736e+00
 2.95794263e+00
 3.38260114e+00
 2.71182490e+00
 2.71286502e+00
 3.42257664e+00
 2.94461289e+00
 2.74686773e+00
 3.57864482e+00
 2.79559937e+00
 3.31129580e+00
 3.34550457e+00
 2.82154227e+00
 2.83411498e+00
 3.19922869e+00
 3.35101408e+00
 3.46713479e+00
 2.88132412e+00
 3.76005643e+00
 3.34861899e+00
 3.63008237e+00
 3.09369604e+00
 3.54234379e+00
 3.81702655e+00
 3.15167287e+00
 3.74084178e+00
 3.64884465e+00
 3.84557746e+00
 3.59473430e+00
 3.85566915e+00
 3.15392363e+00
 3.70487555e+00
 4.03843338e+00
 3.68224888e+00
 4.06997992e+00
 3.69633705e+00
 4.06497349e+00
 3.45173204e+00
 3.20535557e+00
 3.89022233e+00
 4.14466956e+00
 3.90179430e+00
 4.23049846e+00
 4.21100253e+00
 3.83796162e+00
 4.21170316e+00
 4.08214822e+00
 4.32173379e+00
 3.93024399e+00
 4.33168359e+00
 4.16172490e+00
 3.72798964e+00
 3.46881503e+00
 3.82464486e+00
 4.12044740e+00

