 6.55445021e+00
 7.43895079e+00
 6.67676129e+00
 6.85378398e+00
 6.89292450e+00
 6.53828020e+00
 6.69117921e+00
 6.47910327e+00
 7.09309763e+00
 6.50924139e+00
 6.59083043e+00
 6.51015676e+00
 6.88038004e+00
 6.92248996e+00
 6.56251198e+00
 6.38227879e+00
 6.11615199e+00
 6.80595704e+00
 6.82457303e+00
 6.12061339e+00
 6.56787885e+00
 6.78351910e+00
 6.30002027e+00
 5.85652454e+00
 5.94996903e+00
 5.90458817e+00
 6.44791639e+00
 5.91751448e+00
 5.94767599e+00
 5.91923325e+00
 6.54010175e+00
 6.51311384e+00
 6.17175709e+00
 5.61981603e+00
 6.33997680e+00
 5.88184325e+00
 5.72937307e+00
 5.56355774e+00
 5.84867588e+00
 5.94466289e+00
 5.78323624e+00
 5.50456970e+00
 5.94040564e+00
 5.72566980e+00
 5.37054630e+00
 5.63430054e+00
 5.44588779e+00
 5.54246727e+00
 5.27286733e+00
 5.49103776e+00
 5.38144892e+00
 5.09701797e+00
 5.51935297e+00
 4.95125345e+00
 5.24261610e+00
 5.49497667e+00
 5.31694219e+00
 5.00378797e+00
 5.09618820e+00
 5.64349518e+00
 5.55586319e+00
 5.62488426e+00
 5.46910856e+00
 4.92710031e+00
 5.17767231e+00
 5.16506637e+00
 4.86982338e+00
 5.23192735e+00
 5.00751297e+00
 4.91774309e+00
 4.55329909e+00
 4.70646640e+00
 4.91075370e+00
 4.62579364e+00
 4.28678540e+00
 5.04059037e+00
 4.46844867e+00
 5.01735228e+00
 4.74071769e+00
 5.07392959e+00
 4.55969451e+00
 4.48177457e+00
 4.60991314e+00
 4.86109680e+00
 4.13994868e+00
 4.42177624e+00
 4.42812182e+00
 3.94222458e+00
 4.24891517e+00
 4.30853537e+00
 4.14032069e+00
 4.34035761e+00
 4.54232257e+00
 3.73746055e+00
 3.91131458e+00
 3.71298380e+00
 4.33879016e+00
 4.30792675e+00
 3.81659777e+00
 4.00359256e+00
 4.25629303e+00
 4.08785671e+00
 4.17922771e+00
 4.16910710e+00
 4.34839103e+00
 4.29863640e+00
 3.57790332e+00
 3.95940046e+00
 4.01369852e+00
 4.08168763e+00
 3.57857923e+00
 3.74012940e+00
 3.35010417e+00
 3.23360586e+00
 3.26162348e+00
 3.77737829e+00
 3.64918761e+00
 3.76583840e+00
 3.21175395e+00
 3.19748412e+00
 3.04258947e+00
 3.58209190e+00
 3.45317193e+00
 2.96026006e+00
 3.33910637e+00
 3.36480513e+00
 3.39189487e+00
 2.88290086e+00
 2.94033320e+00
 3.45558667e+00
 3.08807899e+00
 3.24241414e+00
 2.64088183e+00
 2.53217371e+00
 3.46570239e+00
 2.72463359e+00
 2.52322794e+00
 2.45807985e+00
 2.68144149e+00
 2.36233905e+00
 3.07170163e+00
 2.74232051e+00
 2.28666510e+00
 2.41807691e+00
 3.07914559e+00
 2.46908855e+00
 2.14975235e+00
 2.76504114e+00
 2.50175288e+00
 3.02258792e+00
 2.78012208e+00
 2.79985021e+00
 2.83496456e+00
 2.70137185e+00
 2.02213530e+00
 2.56768485e+00
 2.73554681e+00
 1.96657764e+00
 2.25534606e+00
 2.70891454e+00
 1.94219074e+00
 2.47018037e+00
 2.26040536e+00
 2.13418842e+00
 2.35448470e+00
 2.14768199e+00
 2.44236673e+00
 1.94473228e+00
 1.55914161e+00
 1.63630422e+00
 2.26964290e+00
 2.27936058e+00
 1.90155487e+00
 1.33898239e+00
 2.19133198e+00
 1.47263291e+00
 1.82458528e+00
 2.08044570e+00
 1.72813253e+00
 1.53947899e+00
 1.77924243e+00
 1.77083941e+00
 1.76161202e+00
 1.64127880e+00
 1.52436536e+00
 1.80964304e+00
 1.67854806e+00
 1.73753872e+00
 1.82170922e+00
 1.11507819e+00
 9.95002871e-01
 1.19640169e+00
 1.57659363e+00
 1.58518264e+00
 1.54681484e+00
 1.03249870e+00
 1.24683972e+00
 1.36367920e+00
 5.80138051e-01
 1.04365885e+00
 1.17970840e+00
 8.54460263e-01
 5.10723497e-01
 1.17594002e+00
 3.82062019e-01
 5.14538500e-01
 9.65933999e-01
 3.57944197e-01
 6.01745184e-01
 7.31113793e-01
 1.19436515e+00
 5.39077134e-01
 7.92945156e-01
 7.34404743e-01
 7.68005416e-01
 1.20631060e-01
 6.62606735e-01
 8.11574460e-01
 1.38003157e-01
 8.63916724e-01
 5.54737524e-01
 1.58241475e-01
 9.77793488e-02
 7.51687822e-03
 6.33917633e-01
 5.09098073e-01
 -1.44432511e-01
 5.68200852e-01
 2.94793821e-01
 -2.78831511e-01
 5.25923046e-01
 4.62277149e-01
 -4.33234013e-01
 1.61040830e-01
 3.60744755e-02
 4.27389396e-02
 -9.52382555e-02
 2.73995010e-01
 -3.46673139e-01
 -6.05051663e-01
 1.11617640e-01
 9.75657351e-02
 -1.37797103e-01
 -7.07770137e-01
 -1.00854477e-01
 6.84300305e-02
 -4.97467630e-01
 -5.12527803e-01
 -2.83231600e-01
 -5.36176159e-02
 -8.33402228e-01
 -5.81392072e-01
 -5.23951125e-01
 -3.09226739e-01
 -1.06663106e+00
 -1.11899514e+00
 -1.16486529e+00
 -6.11821749e-01
 -3.75029833e-01
 -1.04729942e+00
 -1.16669010e+00
 -3.54961613e-01
 -1.22052331e+00
 -6.33064705e-01
 -8.30701544e-01
 -1.18830037e+00
 -1.38489484e+00
 -6.37383834e-01
 -6.54234648e-01
 -6.88916505e-01
 -1.02539107e+00
 -1.39241339e+00
 -9.65108068e-01
 -1.48843486e+00
 -9.64829265e-01
 -1.50269796e+00
 -9.56311235e-01
 -1.36511665e+00
 -1.29258948e+00
 -1.39051808e+00
 -1.86118614e+00
 -1.65281221e+00
 -1.81457615e+00
 -1.93620567e+00
 -1.70713840e+00
 -1.21387009e+00
 -1.33820541e+00
 -2.04633189e+00
 -1.28492820e+00
 -1.21114391e+00
 -1.84492020e+00
 -1.95457300e+00
 -1.72274410e+00
 -1.90683993e+00
 -1.78333748e+00
 -1.62541641e+00
 -2.10101963e+00
 -2.15979541e+00
 -1.76819239e+00
 -1.79513761e+00
 -1.58722226e+00
 -2.18509175e+00
 -2.19529717e+00
 -1.83720079e+00
 -1.73975853e+00
 -1.95977587e+00
 -2.54235202e+00
 -2.15010154e+00
 -2.58048625e+00
 -2.40537865e+00
 -2.54961092e+00
 -2.04268320e+00
 -2.22350781e+00
 -2.87239850e+00
 -2.09094178e+00
 -2.54045749e+00
 -2.78547298e+00
 -2.14439131e+00
 -2.69201684e+00
 -2.27505297e+00
 -2.51863356e+00
 -3.09309331e+00
 -2.50782628e+00
 -2.68355522e+00
 -2.40520150e+00
 -2.45391566e+00
 -2.83546690e+00
 -2.87499980e+00
 -3.04643390e+00
 -2.43775723e+00
 -2.42129480e+00
 -2.72438079e+00
 -3.10607119e+00
 -3.01999796e+00
 -3.15012200e+00
 -3.50846320e+00
 -3.37376738e+00
 -3.19490284e+00
 -3.04643381e+00
 -2.83886809e+00
 -2.75820007e+00
 -3.58427769e+00
 -2.88924918e+00
 -3.67896337e+00
 -3.24604369e+00
 -3.00619966e+00
 -3.33638164e+00
 -3.72362930e+00
 -3.66405009e+00
 -3.25709770e+00
 -3.34075773e+00
 -3.55601687e+00
 -3.24679387e+00
 -4.05840361e+00
 -3.68482840e+00
 -3.35038562e+00
 -3.96964959e+00
 -3.39728930e+00
 -3.90504608e+00
 -3.88234511e+00
 -3.60411471e+00
 -3.49873298e+00
 -3.98075823e+00
 -4.31105051e+00
 -3.53584155e+00
 -4.09630078e+00
 -3.79180541e+00
 -4.43662721e+00
 -3.64247556e+00
 -4.17821465e+00
 -4.38017725e+00
 -3.84053486e+00
 -3.67683828e+00
 -3.84630406e+00
 -4.42634249e+00
 -4.38649428e+00
 -4.35322688e+00
 -4.18387827e+00
 -4.50812290e+00
 -4.06685824e+00
 -4.07618533e+00
 -4.09922115e+00
 -4.58725412e+00
 -4.71139509e+00
 -4.61882868e+00
 -4.83449208e+00
 -4.26179064e+00
 -4.16154432e+00
 -4.80190085e+00
 -5.14786234e+00
 -4.97699121e+00
 -4.87907656e+00
 -4.63122381e+00
 -4.63768437e+00
 -5.26992383e+00
 -5.15314726e+00
 -5.30860566e+00
 -5.10899876e+00
 -5.05849929e+00
 -5.29369319e+00
 -4.74570254e+00

